state: [[-1.1201775740437898,0.9621653730343945],[-0.8181531989057679,0.23491729272234307],[-0.7193411965890831,-0.09499845526280741],[-0.820255117261889,-0.8249895203031276],[-0.3896456350105057,0.9645108924750544],[-0.48977568586841114,0.33543536608455204],[-0.4925651234973816,-0.39671110571853646],[-0.19091157051434018,-0.9268804048281203],[0.24038880797618484,0.9627411099089492],[0.3404180577109236,-0.06738014609520612],[0.23980107031223585,-0.39911231088614835],[0.23980643915901326,-0.9244670124842814],[0.9711176889175276,0.8630817109533327],[1.2712671278270655,0.633782035308576],[0.7671005504400794,-0.3964623792751771],[0.9709253593481377,-0.9256324456337974]]rewards: [0.005456472325571671, 0.007320227625050801, 0.007380269318979948, 0.0069869540955647125, 0.009223149533965191, 0.005878745854522638, -0.0023928799345989127, 0.009015426654174874, 0.013490693355190153, 0.013494180260150035, 0.01695172422523683, 0.014190075761632226, 0.008748448039567869, 0.0011765644567054423, 0.0025675783872456392, 0.003549220712527834, -0.00110445075603538, -0.003527569096426042, -0.0009378300796303307, -0.0028059389472501195, -0.0026111622673266055, -0.011510010371158064, -0.013894404901741542, -0.022449369268177755, -0.022466091654768316, -0.021185296820600108, -0.018181152496429043, -0.01796022570526823, -0.01872164179681146, -0.035852257513020014, -0.03285593165169587, -0.023941257209310507, -0.023451203294782452, -0.022714447021094042, -0.01742265208542504, -0.0188745652629847, -0.02594162231620034, -0.022195261108858944, -0.02227294082159892, -0.029333340320232715, -0.02684221673442444, -0.04041558785832855, -0.03858633766186381, -0.03794408887987366, -0.035755909272976893, -0.041110121908278785, -0.029588449130704575, -0.04531292503290674, -0.05324201627239811, -0.05165244401685687, -0.05100735840199544, -0.04617048740295182, -0.048969201068844725, -0.05441365627037653, -0.0480686618571502, -0.046733382789106326, -0.05703870936722044, -0.05302844023180686, -0.04698311420104506, -0.047005610369044604, -0.0445527417950089, -0.0547636354182206, -0.0588320721039457, -0.06346287134582385, -0.06378860585841828, -0.073873243163324, -0.08063339600641584, -0.06400610099148274, -0.06788047185044999, -0.06393677923316732, -0.07428649492148587, -0.06946727037908751, -0.08031571574416674, -0.0908268607494569, -0.09748881611665006]
scores: [-2.2571575665005983]
policy loss: tensor(-693.1307, grad_fn=<SumBackward0>)
best_mi: 2.6820607811395067
