state: [[-0.9461393962607827,0.8710997048597843],[-0.9461393962607827,0.4359622873430404],[-0.9461393962607827,-0.29864563438954944],[-0.9461393962607827,-0.9335434654897398],[-0.41072436451892325,0.9711500278108317],[-0.21067767276544475,0.33625219671064127],[-0.31124156516059187,-0.29864563438954944],[-0.31124156516059187,-0.9335434654897398],[0.32365626593959873,0.9711500278108317],[0.32365626593959873,0.33625219671064127],[0.32365626593959873,-0.29864563438954944],[0.32365626593959873,-0.9335434654897398],[0.9585540970397889,0.7700242925698481],[0.9585540970397889,0.43663835809951573],[0.8581553977709231,-0.29864563438954944],[0.9585540970397889,-1.133316157887717]]rewards: [-0.002210399617107228, -0.0017556014662511998, -0.007026272481412743, -0.013139573427764617, -0.0151502916064703, -0.018012438670013342, -0.021363481424165442, -0.016430961696442203, -0.01911441044816975, -0.020600312891009942]
scores: [-0.13480374372880677]
policy loss: tensor(-5.6246, grad_fn=<SumBackward0>)
best_mi: 2.6633534554480187
state: [[-0.9467961622624034,0.8722581265663828],[-0.9467961622624034,0.33637810276104374],[-0.9467961622624034,-0.29894067682202863],[-1.144920485217685,-0.934259456405101],[-0.31147738267933106,0.9716968823441161],[-0.31147738267933106,0.33637810276104374],[-0.21249535143390616,-0.29894067682202863],[-0.21176569912481036,-0.934259456405101],[0.3238413969037413,0.9716968823441161],[0.22435989126379513,0.33637810276104374],[0.3238413969037413,-0.29894067682202863],[0.3238413969037413,-1.0331261347868108],[0.959160176486814,0.8714134133497533],[0.959160176486814,0.23592538357299428],[0.959160176486814,-0.29894067682202863],[0.959160176486814,-0.8347172415753664]]rewards: [0.004690755633704136, -0.0008677443525884065, 1.839488377264331e-05, -0.0011874333966304107, 0.00681894963239138, 0.0003781276283523205, -0.00021138165445844237, 0.00477352741345527, 0.007599686393357619, 0.005501851132704516]
scores: [-0.13480374372880677, 0.027514733314060624]
policy loss: tensor(1.1501, grad_fn=<SumBackward0>)
best_mi: 2.6753163291735187
