state: [[-0.9461393962607827,0.8710997048597843],[-0.9461393962607827,0.4359622873430404],[-0.9461393962607827,-0.29864563438954944],[-0.9461393962607827,-0.9335434654897398],[-0.41072436451892325,0.9711500278108317],[-0.21067767276544475,0.33625219671064127],[-0.31124156516059187,-0.29864563438954944],[-0.31124156516059187,-0.9335434654897398],[0.32365626593959873,0.9711500278108317],[0.32365626593959873,0.33625219671064127],[0.32365626593959873,-0.29864563438954944],[0.32365626593959873,-0.9335434654897398],[0.9585540970397889,0.7700242925698481],[0.9585540970397889,0.43663835809951573],[0.8581553977709231,-0.29864563438954944],[0.9585540970397889,-1.133316157887717]]rewards: [-0.002210399617107228, -0.0017556014662511998, -0.007026272481412743, -0.013139573427764617, -0.0151502916064703, -0.018012438670013342, -0.021363481424165442, -0.016430961696442203, -0.01911441044816975, -0.020600312891009942]
scores: [-0.13480374372880677]
policy loss: tensor(-5.6246, grad_fn=<SumBackward0>)
best_mi: 2.6633534554480187
