state: [[-0.8594492325221064,0.8595902309573447],[-0.9599350722670622,0.328280068795521],[-1.0600829105347278,-0.3026803029644323],[-0.7595672210602995,-1.135173139673182],[-0.3283038362865151,0.9599113047760681],[-0.3283038362865151,0.4281937662864439],[-0.2278146773143842,-0.30335116718502575],[-0.3283038362865151,-0.9349824031655729],[0.3033273996940318,1.0597809721263594],[0.3033273996940318,0.2275010017759184],[0.3033273996940318,-0.3029100197067012],[0.3033273996940318,-1.0341745768580493],[0.9349586356745786,0.9599113047760681],[0.8343132189228845,0.328280068795521],[0.9349586356745786,-0.20319470557070843],[0.9342205335099567,-0.9349824031655729]]rewards: [0.004402505902125764, 0.009314922718984597, 0.004972343722102757, 0.0019202225906020942, 0.008021334663232516, 0.000831061231601371, -0.010926234261336987, 0.0017015246183196275, 0.0020864540587286484, 0.0024373691361638805, 0.007431092675484141, 0.007282952909894114, -0.0004739977872478818, -0.007177397987197409, -0.005241922284393574, 0.0027503459574118594, -0.003477917953461862, -0.003356289269425883, -0.0028524374871530256, 0.00031216858715410467]
scores: [0.019958101741588852]
policy loss: tensor(1.6384, grad_fn=<SumBackward0>)
best_mi: 2.6744239796332545
